201.072
2.59
3.8
4.159
4.611
4.883
5.07
5.301
5.393
5.838
5.951
6.087
6.225
6.399
6.618
6.83
6.973
7.547
7.853
8.309
8.356
9.012
9.163
9.665
9.985
10.465
10.884
13.853
19.475
34.8
48.235
53.033
67.552
72.127
32.793
70.185
164.043
31.885
19.607
17.692
24.541
32.28
48.282
74.923
30.657
22.091
18.871
16.052
12.942
11.448
10.765
10.722
10.545
10.163
10.325
14.885
30.622
109.22
106.425
46.004
12.459
14.65
19.617
29.21
44.85
55.953
61.097
37.008
27.987
16.068
14.067
12.293
11.972
11.92
12.128
12.422
13.018
13.335
14.4
15.57
18.029
18.608
20.073
22.58
22.67
22.517
22.248
21.65
19.66
18.11
17.765
16.742
17.143
17.922
19.24
19.843
20.313
22.247
24.307
26.308
27.737
28.425
30.635
30.853
28.507
25.423
24.822
25.113
26.032
29.443
28.54
31.933
31.042
31.802
31.548
28.3
25.972
23.523
22.543
21.112
21.363
21.102
21.94
22.058
21.974
23.063
22.868
23.177
24.043
23.797
31.125
73.515
115.838
103.882
20.328
22.84
31.747
42.38
60.729
58.639
41.59
28.13
17.21
14.902
12.815
12.948
12.51
13.052
13.408
13.474
14.148
14.88
15.68
16.475
17.52
18.698
19.235
20.077
20.868
20.717
20.988
21.02
20.475
19.584
19.806
21.192
20.658
22.178
24.722
25.54
26.22
28.427
30.48
32.145
30.225
32.743
32.095
30.507
30.695
30.3
32.094
33.104
35.46
37.83
37.657
34.033
30.065
25.997
25.235
23.053
23.325
22.657
22.473
22.215
22.86
23.572
23.438
24.02
23.98
26.02
37.91
57.197
73.757
84.041
53.447
23.118
24.045
28.757
33.66
38.155
42.255
45.668
38.247
28.44
20.055
16.85
16.245
16.368
16.782
16.843
17.995
18.79
19.705
21.085
21.467
21.9
22.763
22.17
22.302
22.78
22.878
22.487
22.69
23.195
24.538
25.15
26.267
28.58
28.241
31.084
31.733
32.358
35.535
34.277
32.807
30.829
30.834
30.787
32.783
32.904
33.483
34.502
34.856
32.23
29.007
27.388
26.688
26.542
26.797
26.255
26.978
26.47
26.842
26.788
26.257
25.835
25.898
25.305
25.69
26.116
26.071
26.755
27.755
27.983
29.04
29.515
29.533
30.109
30.049
29.802
30.262
30.025
30.497
31.018
30.91
30.854
31.876
32.225
32.238
32.564
31.376
31.061
30.404
29.855
29.873
30.747
30.492
30.131
30.117
30.25
29.967
29.835
29.533
29.535
28.68
28.917
30.13
29.118
30.515
31.33
31.12
31.562
32.125
31.862
31.531
30.194
30.193
30.173
31.008
30.754
31.055
31.743
32.415
33.165
31.485
32.343
32.537
33.686
34.246
34.287
33.551
32.875
32.665
31.68
31.292
29.934
30.697
31.144
31.138
31.645
31.492
31.925
31.643
34.005
33.625
33.325
32.701
30.811
31.828
32.345
32.16
32.485
32.902
33.606
33.502
33.555
33.232
32.578
33.537
33.428
33.552
33.738
33.632
35.043
34.676
33.991
34.12
34.043
34.195
34.017
35.61
71.833
35.795
35.372
35.99
36.253
34.165
33.431
32.536
33.308
32.573
32.929
33.445
34.31
33.813
33.5
33.765
33.23
33.815
33.55
33.837
66.351
171.904
97.376
42.595
51.207
85.921
83.474
41.342
20.408
19.585
18.96
17.525
17.3
17.992
21.665
34.325
64.733
99.553
96.909
27.934
27.982
